0,448
72,35
11,4
11,16
11,10
11,2
11,3
9,7
9,4
9,1
9,6
9,2
9,3
8,15
8,4
8,7
8,10
8,16
8,11
8,1
8,12
8,2
8,3
0,318
33,185
33,184
33,183
33,182
33,181
33,180
33,179
33,178
33,177
33,176
33,175
33,174
33,173
33,172
33,171
33,170
33,169
33,168
33,167
33,166
33,165
33,164
33,163
33,162
33,161
33,160
33,159
33,158
33,157
33,156
33,155
33,154
33,153
33,152
33,151
33,150
33,149
33,148
33,147
33,145
33,144
33,142
33,141
33,140
33,139
33,138
33,137
33,136
33,135
33,128
33,100
33,98
33,97
33,64
33,1
20,3
20,2
20,1
19,3
19,2
19,1
12,3
12,2
12,1
11,28
11,27
11,26
11,25
11,24
11,23
11,22
11,21
11,20
11,19
11,1
10,302
10,301
10,300
10,299
10,298
10,297
10,296
10,295
10,294
10,293
10,292
10,291
10,290
10,289
10,288
10,287
10,286
10,285
10,284
10,283
10,282
10,281
10,280
10,279
10,278
18,1
10,277
18,3
10,276
10,275
10,274
10,273
10,272
10,271
10,270
14,1
10,269
14,7
10,268
14,3
10,267
13,1
10,266
13,3
10,265
10,264
10,263
10,262
10,261
10,260
10,259
10,258
